id,year,age,sex,income,race,satisfaction,vote_senate,weight
1,2017,60,Female,991,White,4,1,0
2,2017,54,Male,2591,White,1,1,0
3,2017,37,Male,27222,White,1,1,1
4,2017,53,Male,71903,White,4,1,1
5,2017,53,Female,34886,White,1,1,0
6,2017,47,Male,21069,Black,2,1,1
7,2017,56,Male,35793,Hispanic,2,1,1
8,2017,29,Female,74146,White,4,1,0
9,2017,20,Male,15008,White,5,1,0
10,2017,53,Female,21376,White,1,1,1
11,2017,65,Male,90000,White,1,1,1
12,2017,57,Male,18558,Asian,1,1,0
13,2017,53,Male,55382,White,1,1,0
14,2017,51,Male,62126,White,Missing,1,0
15,2017,65,Female,24334,Hispanic,3,1,1
16,2017,33,Female,8976,Hispanic,2,1,1
17,2017,42,Female,25034,Others,1,1,0
18,2017,48,Female,25647,Black,5,1,0
19,2017,18,Male,17419,Asian,3,0,1
20,2017,42,Female,38695,White,1,1,0
21,2017,61,Male,8771,White,5,1,1
22,2017,21,Female,126,White,5,1,0
23,2017,62,Female,1181,White,Missing,1,1
24,2017,57,Male,70107,White,1,1,0
25,2017,28,Female,93709,White,5,1,0
26,2017,44,Female,6169,Black,1,1,1
27,2017,39,Male,64531,Asian,2,1,0
28,2017,21,Female,47879,Black,1,0,0
29,2017,25,Female,68331,White,4,1,1
30,2017,47,Male,20596,Black,4,1,0
31,2017,18,Male,12041,Black,4,1,0
32,2017,27,Female,61020,White,5,0,1
33,2017,61,Female,98186,Hispanic,1,1,0
34,2017,58,Female,99105,White,2,0,0
35,2017,35,Female,23041,Hispanic,4,1,1
36,2017,45,Female,5128,White,5,1,0
37,2017,32,Male,98871,White,5,1,0
38,2017,29,Female,82093,White,3,0,0
39,2017,63,Female,88641,Others,2,1,1
40,2017,60,Female,53488,White,5,1,1
41,2017,28,Male,87213,White,4,1,1
42,2017,61,Female,38474,Hispanic,3,0,0
43,2017,43,Female,88777,White,5,1,0
44,2017,40,Male,88190,White,4,1,1
45,2017,50,Female,28977,White,5,1,1
46,2017,55,Male,95411,Asian,4,1,0
47,2017,29,Male,90691,Asian,4,1,1
48,2017,24,Male,2515,Others,3,0,1
49,2017,35,Male,64373,Asian,3,1,0
50,2017,61,Female,73051,White,4,1,1
51,2017,65,Female,18231,White,4,1,1
52,2017,38,Male,28533,White,4,1,0
53,2017,34,Male,93185,White,5,1,0
54,2017,37,Male,38078,White,4,1,1
55,2017,20,Female,35244,White,4,1,0
56,2017,44,Female,83967,White,3,1,1
57,2017,27,Female,97824,White,3,1,1
58,2017,49,Female,57889,Others,1,0,0
59,2017,43,Male,60343,Black,4,0,1
60,2017,56,Female,99553,Asian,Missing,0,0
61,2017,63,Male,96455,White,1,1,0
62,2017,18,Male,47792,Asian,3,1,0
63,2017,44,Male,65810,White,4,1,0
64,2017,59,Male,6517,White,1,1,1
65,2017,22,Male,59023,Hispanic,2,1,1
66,2017,24,Male,21706,White,2,0,1
67,2017,42,Male,6127,Others,1,1,1
68,2017,49,Female,44618,White,4,1,1
69,2017,54,Male,67358,White,2,1,0
70,2017,20,Female,57933,Asian,5,0,0
71,2017,47,Female,49553,White,4,1,1
72,2017,30,Female,44933,White,5,1,1
73,2017,35,Female,5177,White,1,0,0
74,2017,58,Male,3120,White,4,1,1
75,2017,46,Male,28341,Others,3,1,1
76,2017,25,Female,28257,Asian,3,1,0
77,2017,27,Female,23870,White,2,0,0
78,2017,19,Male,48333,Hispanic,1,0,1
79,2017,35,Male,39919,White,5,1,0
80,2017,55,Male,38642,Others,1,1,1
81,2017,43,Male,79413,White,2,1,0
82,2017,53,Female,18901,White,2,1,1
83,2017,32,Female,50580,Others,4,0,1
84,2017,64,Male,12,White,2,1,1
85,2017,42,Female,19846,White,3,1,1
86,2017,26,Male,89887,White,Missing,1,0
87,2017,49,Female,90636,Hispanic,2,1,0
88,2017,59,Female,69716,Asian,5,1,0
89,2017,29,Male,7978,Others,1,0,0
90,2017,34,Female,44558,White,1,1,1
91,2017,25,Female,26473,White,1,1,0
92,2017,40,Female,69429,White,3,0,1
93,2017,29,Female,93448,Hispanic,4,1,1
94,2017,33,Female,92845,White,1,1,1
95,2017,26,Male,41307,White,2,1,0
96,2017,30,Male,16348,Asian,1,1,1
97,2017,22,Male,3829,White,5,1,1
98,2017,33,Female,17067,White,2,1,1
99,2017,38,Female,86456,Asian,5,1,1
100,2017,60,Female,35109,Asian,1,0,0
101,2017,50,Female,93535,White,2,0,1
102,2017,61,Male,63036,White,1,1,0
103,2017,61,Female,12086,Others,5,1,1
104,2017,26,Male,13723,White,2,0,0
105,2017,54,Male,93915,White,1,1,0
106,2017,26,Female,40628,Black,4,1,0
107,2017,36,Female,96959,White,3,1,0
108,2017,44,Female,76776,Others,5,0,1
109,2017,48,Female,75935,Black,3,1,1
110,2017,40,Female,20971,White,3,1,0
111,2017,45,Female,14427,White,4,1,1
112,2017,22,Female,90837,White,5,1,1
113,2017,29,Female,15000,White,4,1,1
114,2017,62,Female,46915,White,5,1,0
115,2017,43,Male,25764,White,3,1,0
116,2017,44,Male,6791,Hispanic,2,0,0
117,2017,30,Male,8175,White,2,0,1
118,2017,22,Male,66456,White,4,1,1
119,2017,56,Female,96687,White,2,0,0
120,2017,64,Male,62165,White,1,1,1
121,2017,50,Female,68258,White,1,0,0
122,2017,18,Male,11404,White,1,0,0
123,2017,23,Male,28662,Others,5,0,1
124,2017,47,Male,54371,White,1,1,0
125,2017,23,Male,25091,White,3,0,1
126,2017,28,Female,88538,White,2,1,0
127,2017,18,Male,83170,White,5,1,0
128,2017,38,Male,4930,Others,4,1,0
129,2017,30,Male,16806,White,5,1,1
130,2017,34,Female,3032,White,4,1,1
131,2017,24,Male,23693,White,1,1,1
132,2017,54,Female,97276,Asian,1,1,0
133,2017,20,Female,56622,Others,3,0,1
134,2017,61,Female,66134,White,5,1,1
135,2017,49,Male,11471,White,5,1,0
136,2017,55,Female,43435,Hispanic,4,0,0
137,2017,19,Male,2035,White,4,1,0
138,2017,23,Female,10051,White,4,0,1
139,2017,46,Male,30289,Others,2,0,0
140,2017,59,Female,22435,White,4,1,1
141,2017,27,Male,85185,White,5,1,1
142,2017,45,Female,19633,White,4,0,0
143,2017,24,Male,25748,Asian,5,0,1
144,2017,60,Male,1385,White,3,1,0
145,2017,43,Male,48089,White,3,1,0
146,2017,25,Female,87874,Others,1,0,0
147,2017,25,Male,50691,White,3,0,0
148,2017,63,Female,13537,White,4,1,1
149,2017,40,Male,12294,Others,3,0,0
150,2017,50,Male,35684,White,5,1,1
151,2017,47,Female,56382,White,3,1,0
152,2017,26,Female,50096,White,1,0,0
153,2017,35,Female,70660,White,5,0,0
154,2017,40,Male,8044,Others,1,1,1
155,2017,41,Male,87394,White,5,1,0
156,2017,65,Male,30003,Hispanic,1,0,1
157,2017,50,Male,60101,Black,3,1,0
158,2017,38,Male,71704,Others,4,1,1
159,2017,47,Male,26965,Others,1,0,1
160,2017,64,Female,43431,Asian,5,1,0
161,2017,36,Male,86178,Others,5,0,0
162,2017,59,Female,73686,Hispanic,2,1,1
163,2017,21,Female,17623,White,5,1,1
164,2017,63,Male,77694,White,5,1,1
165,2017,29,Male,69304,White,4,1,0
166,2017,20,Female,47581,White,5,1,0
167,2017,29,Male,46475,White,3,1,0
168,2017,31,Male,93423,Hispanic,Missing,0,1
169,2017,27,Female,15819,White,5,1,1
170,2017,22,Female,56631,White,Missing,1,0
171,2017,25,Male,26317,White,3,1,0
172,2017,65,Male,35214,White,4,1,1
173,2017,53,Male,86321,White,2,1,0
174,2017,63,Female,68451,White,4,1,0
175,2017,35,Female,90309,Asian,3,1,1
176,2017,34,Female,59181,Black,5,1,0
177,2017,21,Male,31422,White,1,1,0
178,2017,56,Male,93272,White,4,1,1
179,2017,45,Female,65084,Black,3,0,0
180,2017,24,Female,98106,Black,5,0,0
181,2017,54,Female,9883,White,1,1,1
182,2017,27,Male,95449,White,2,1,1
183,2017,31,Male,22774,Hispanic,1,1,0
184,2017,18,Female,3155,White,5,1,0
185,2017,25,Male,45848,Hispanic,5,1,1
186,2017,39,Female,48427,Others,1,1,0
187,2017,58,Male,76845,White,2,1,0
188,2017,37,Female,22560,White,1,0,1
189,2017,63,Male,10024,White,4,1,0
190,2017,62,Female,86652,Black,3,1,0
191,2017,36,Male,44593,White,4,1,1
192,2017,65,Female,31351,Others,3,1,1
193,2017,37,Female,68375,Black,4,1,1
194,2017,56,Male,1600,White,5,1,1
195,2017,32,Male,22937,White,1,1,0
196,2017,61,Female,19741,Black,2,1,1
197,2017,34,Female,20868,Asian,4,0,0
198,2017,26,Male,25962,White,4,1,1
199,2017,45,Male,3308,Asian,2,1,1
200,2017,62,Female,78750,Black,4,0,1
201,2017,49,Female,98931,Black,1,1,0
202,2017,58,Male,95250,Hispanic,5,1,1
203,2017,28,Female,38578,Black,3,1,0
204,2017,23,Female,13753,Black,5,0,0
205,2017,44,Female,68776,Others,5,1,1
206,2017,54,Male,65009,Black,5,1,1
207,2017,19,Male,90362,Others,4,1,1
208,2017,48,Female,84266,Black,3,1,0
209,2017,18,Male,75235,White,3,1,0
210,2017,26,Male,16170,Asian,1,1,0
211,2017,34,Male,70292,White,1,1,0
212,2017,19,Male,96844,White,4,1,1
213,2017,52,Female,85261,White,3,1,1
214,2017,55,Male,34777,Asian,3,1,0
215,2017,53,Female,37510,Hispanic,5,0,0
216,2017,52,Female,93423,White,5,1,0
217,2017,63,Female,51790,White,2,1,1
218,2017,40,Male,93932,White,4,1,1
219,2017,35,Female,26023,White,3,1,0
220,2017,38,Male,78139,Others,3,1,1
221,2017,54,Male,37522,White,3,1,0
222,2017,24,Female,66928,Asian,5,0,1
223,2017,38,Male,24540,Others,4,1,1
224,2017,41,Female,45811,White,4,1,1
225,2017,49,Female,61793,Asian,2,0,1
226,2017,33,Female,79388,White,2,1,0
227,2017,53,Male,10355,White,4,1,0
228,2017,54,Male,48337,Others,5,1,1
229,2017,44,Male,55142,White,2,1,0
230,2017,27,Female,4840,Hispanic,5,1,0
231,2017,51,Male,72539,White,1,1,0
232,2017,38,Female,5188,White,3,1,0
233,2017,55,Male,19172,Black,3,1,1
234,2017,63,Female,89545,White,1,1,0
235,2017,20,Male,94901,White,3,1,0
236,2017,35,Female,3161,Others,2,0,0
237,2017,62,Female,28363,White,3,1,1
238,2017,43,Male,94281,White,2,1,1
239,2017,63,Female,137,Black,1,0,0
240,2017,29,Female,77579,White,5,1,0
241,2017,49,Male,32993,White,5,1,0
242,2017,32,Male,41149,White,1,0,0
243,2017,36,Male,44741,Others,3,0,1
244,2017,35,Female,71370,White,3,0,1
245,2017,38,Male,61836,Asian,2,1,0
246,2017,34,Female,1468,White,4,0,1
247,2017,40,Female,78967,White,5,1,0
248,2017,42,Male,97004,White,2,1,0
249,2017,46,Male,41186,White,2,0,0
250,2017,64,Male,54620,White,3,1,1
251,2017,46,Male,8129,Others,5,0,1
252,2017,49,Male,19846,White,5,1,0
253,2017,65,Male,10454,Asian,5,1,1
254,2017,31,Male,94912,White,1,1,0
255,2017,23,Female,88303,White,4,0,0
256,2017,37,Female,13485,White,3,1,0
257,2017,24,Male,245,Asian,5,1,0
258,2017,22,Male,33383,Black,4,1,0
259,2017,53,Female,79404,White,4,1,0
260,2017,26,Female,12932,Asian,1,0,1
261,2017,26,Female,62693,Asian,2,0,1
262,2017,46,Female,38035,Hispanic,2,1,1
263,2017,52,Male,64791,White,5,1,0
264,2017,59,Male,29020,White,5,1,0
265,2017,32,Female,70549,Hispanic,4,0,0
266,2017,19,Female,85040,White,5,1,0
267,2017,19,Male,77051,White,3,1,1
268,2017,47,Male,5146,White,3,1,1
269,2017,64,Male,31763,White,5,1,0
270,2017,38,Male,10256,Hispanic,4,0,1
271,2017,45,Male,86159,White,2,1,0
272,2017,61,Female,28815,Black,3,0,1
273,2017,52,Male,77228,White,3,1,1
274,2017,48,Female,268,Black,3,0,0
275,2017,60,Male,52522,White,5,1,1
276,2017,60,Female,53725,Missing,3,1,1
277,2017,44,Male,77370,White,4,1,1
278,2017,37,Female,89118,White,2,1,1
279,2017,19,Female,5373,White,4,0,1
280,2017,26,Female,657,Asian,3,0,0
281,2017,44,Female,46860,White,4,1,1
282,2017,54,Male,67575,White,5,1,1
283,2017,26,Male,39147,White,4,0,1
284,2017,35,Male,7681,White,4,1,0
285,2017,34,Female,14886,Asian,4,1,1
286,2017,57,Male,54732,White,4,0,0
287,2017,45,Male,2588,White,5,1,0
288,2017,28,Male,55115,Others,5,0,1
289,2017,28,Female,29472,White,1,1,0
290,2017,43,Male,24157,Asian,1,1,1
291,2017,43,Female,66417,White,5,1,1
292,2017,22,Male,11419,Black,2,0,0
293,2017,25,Male,40454,White,5,1,0
294,2017,47,Male,42042,Others,4,1,1
295,2017,59,Female,91371,White,5,1,0
296,2017,53,Female,37118,White,5,1,1
297,2017,38,Female,97503,White,4,1,1
298,2017,47,Female,30515,White,4,1,0
299,2017,54,Female,79441,Asian,5,1,1
300,2017,44,Male,15533,Black,Missing,0,0
301,2017,39,Male,8146,Hispanic,2,1,0
302,2017,45,Male,64873,White,4,0,0
303,2017,43,Female,48844,White,4,1,1
304,2017,44,Female,54534,Others,4,0,0
305,2017,38,Male,10703,White,5,1,1
306,2017,57,Female,82709,White,2,1,1
307,2017,42,Female,95739,White,2,1,0
308,2017,22,Male,25016,Black,3,0,0
309,2017,62,Male,43503,White,1,1,1
310,2017,20,Male,99382,White,4,1,1
311,2017,60,Male,67172,Asian,5,1,1
312,2017,59,Male,21301,Black,1,1,0
313,2017,32,Male,583,Hispanic,3,0,0
314,2017,32,Male,19542,White,4,1,1
315,2017,51,Female,7889,White,5,1,1
316,2017,21,Male,88734,White,4,1,1
317,2017,48,Female,42292,White,5,1,0
318,2017,18,Female,41577,White,3,1,0
319,2017,36,Male,46333,White,1,0,0
320,2017,18,Female,79794,Black,2,1,0
321,2017,28,Female,21659,White,1,1,0
322,2017,34,Female,82402,Black,5,0,1
323,2017,20,Male,69113,White,3,1,1
324,2017,42,Female,37911,Others,3,1,0
325,2017,36,Female,13012,Others,2,1,1
326,2017,36,Male,41394,White,3,1,1
327,2017,36,Male,75206,White,2,1,1
328,2017,28,Male,58877,White,1,1,0
329,2017,39,Female,21581,Hispanic,5,1,0
330,2017,38,Female,70036,White,3,1,1
331,2017,29,Male,84647,White,3,1,1
332,2017,19,Female,47157,White,2,1,0
333,2017,26,Male,88369,White,2,1,0
334,2017,48,Male,33872,White,1,1,0
335,2017,36,Female,19360,Black,4,1,0
336,2017,32,Male,14557,White,2,1,0
337,2017,53,Male,55424,White,1,1,0
338,2017,38,Male,54142,Hispanic,2,0,0
339,2017,24,Male,33755,Others,3,1,0
340,2017,19,Female,70786,White,5,1,1
341,2017,62,Male,34794,White,5,1,0
342,2017,21,Male,26073,Black,4,0,1
343,2017,60,Male,47699,White,2,1,0
344,2017,56,Male,63150,Others,4,1,0
345,2017,50,Male,99160,Black,1,0,1
346,2017,55,Female,75229,White,2,0,0
347,2017,56,Male,50715,Others,4,1,1
348,2017,43,Female,50928,Others,1,0,1
349,2017,21,Male,33333,Others,3,1,1
350,2017,36,Male,8794,White,1,1,1
351,2017,60,Female,83464,Others,2,1,1
352,2017,38,Female,87290,White,2,0,1
353,2017,31,Female,65222,Black,1,0,0
354,2017,59,Male,16704,White,4,1,0
355,2017,49,Male,6630,Others,2,1,1
356,2017,48,Male,2907,White,4,1,1
357,2017,64,Female,64492,Hispanic,5,1,1
358,2017,23,Female,99833,Others,3,1,1
359,2017,33,Male,61933,White,4,1,1
360,2017,37,Female,80980,Others,2,1,1
361,2017,31,Female,28623,White,1,1,1
362,2017,59,Female,73835,Asian,3,1,1
363,2017,56,Male,65195,White,5,1,0
364,2017,46,Female,64691,White,4,1,1
365,2017,47,Female,62933,White,2,0,1
366,2017,34,Male,65367,Black,2,0,0
367,2017,42,Male,23963,Others,1,0,0
368,2017,52,Male,53184,White,5,1,1
369,2017,48,Female,2837,Asian,4,1,0
370,2017,40,Male,72823,White,2,1,0
371,2017,25,Female,57448,White,2,0,1
372,2017,24,Female,31473,White,2,1,1
373,2017,29,Female,41990,White,3,0,1
374,2017,35,Male,22075,White,3,1,1
375,2017,36,Female,18495,White,5,1,0
376,2017,23,Male,61295,Hispanic,4,0,0
377,2017,20,Male,96974,Others,1,0,0
378,2017,62,Female,35133,White,2,1,0
379,2017,22,Female,23477,White,3,1,0
380,2017,39,Male,50426,White,3,1,0
381,2017,37,Missing,18567,White,3,1,1
382,2017,31,Female,47367,White,4,0,1
383,2017,31,Male,1902,White,5,1,1
384,2017,40,Female,14261,White,1,1,0
385,2017,54,Male,64301,White,4,1,0
386,2017,56,Female,43232,Black,1,0,0
387,2017,60,Male,92328,White,3,1,0
388,2017,36,Male,88447,Asian,1,1,0
389,2017,52,Female,37220,White,1,1,0
390,2017,19,Male,90183,White,2,0,1
391,2017,26,Female,57000,Hispanic,4,1,1
392,2017,27,Female,27440,Others,1,0,1
393,2017,34,Female,53714,Black,1,0,0
394,2017,50,Female,55143,White,5,1,0
395,2017,29,Male,97501,Hispanic,1,0,1
396,2017,64,Male,14774,Black,3,1,1
397,2017,35,Female,1798,Black,5,1,0
398,2017,65,Male,30134,White,2,0,1
399,2017,24,Female,86169,Asian,1,0,1
400,2017,64,Male,75747,White,3,1,0
401,2017,65,Female,63232,White,4,0,1
402,2017,25,Male,40776,Asian,3,1,1
403,2017,20,Male,21993,Asian,5,1,0
404,2017,48,Male,29105,White,2,1,1
405,2017,37,Male,29857,White,4,1,0
406,2017,57,Female,16978,Hispanic,4,0,0
407,2017,37,Female,12343,Black,1,0,0
408,2017,30,Female,56751,White,3,0,1
409,2017,64,Female,47098,Asian,3,1,1
410,2017,55,Female,70079,Hispanic,2,1,1
411,2017,19,Male,77265,Black,4,1,1
412,2017,31,Male,98529,White,5,1,1
413,2017,52,Female,62349,White,3,1,0
414,2017,32,Male,2104,White,4,0,0
415,2017,28,Female,35220,Others,3,1,0
416,2017,57,Female,37729,White,2,1,0
417,2017,56,Male,43739,White,5,1,0
418,2017,19,Male,16650,Others,3,0,0
419,2017,35,Male,44580,White,1,1,1
420,2017,51,Female,94672,White,2,0,1
421,2017,25,Male,7434,White,5,0,1
422,2017,49,Female,57967,Asian,3,1,1
423,2017,41,Male,23936,White,1,1,0
424,2017,42,Female,80703,Asian,4,0,0
425,2017,22,Female,1179,Hispanic,4,0,0
426,2017,53,Male,87627,Others,1,1,0
427,2017,45,Male,30792,White,3,1,0
428,2017,64,Male,15814,White,3,0,1
429,2017,29,Female,45048,White,5,1,0
430,2017,52,Female,95230,Hispanic,2,1,0
431,2017,20,Male,37949,White,Missing,1,0
432,2017,55,Female,19066,Asian,5,1,0
433,2017,54,Male,2992,Hispanic,5,1,0
434,2017,18,Male,21258,White,3,1,1
435,2017,32,Male,67249,Hispanic,5,0,0
436,2017,18,Male,19280,Others,1,0,1
437,2017,38,Female,31624,White,3,0,0
438,2017,33,Female,14159,White,4,1,1
439,2017,41,Male,19482,White,1,1,0
440,2017,39,Female,44470,Black,5,0,0
441,2017,19,Male,20486,White,5,1,1
442,2017,19,Female,8772,White,3,0,0
443,2017,33,Female,66735,Black,1,1,0
444,2017,41,Female,97785,White,5,1,0
445,2017,18,Female,14434,Others,4,0,1
446,2017,22,Female,60119,Asian,1,0,1
447,2017,39,Male,81330,White,4,1,0
448,2017,45,Male,13938,White,3,1,1
449,2017,22,Male,36953,White,5,1,1
450,2017,24,Male,21167,White,2,0,1
451,2017,28,Male,1130,Black,2,0,1
452,2017,18,Missing,24756,White,3,0,1
453,2017,53,Male,25868,White,3,1,0
454,2017,28,Female,42920,White,4,1,1
455,2017,33,Male,38061,Black,3,1,0
456,2017,36,Female,77128,Black,4,1,1
457,2017,49,Female,38911,Missing,3,1,1
458,2017,55,Female,39333,White,2,1,0
459,2017,30,Male,70583,White,4,1,0
460,2017,18,Male,97063,White,3,1,0
461,2017,25,Female,32580,White,5,1,1
462,2017,57,Male,49255,Hispanic,4,1,1
463,2017,24,Male,30952,White,1,1,1
464,2017,35,Male,70465,White,4,0,1
465,2017,57,Female,70658,White,1,1,0
466,2017,37,Female,52438,Asian,3,0,1
467,2017,50,Male,99349,White,3,0,1
468,2017,18,Female,35866,Hispanic,5,1,1
469,2017,41,Female,33343,White,5,1,1
470,2017,28,Female,7239,White,3,0,1
471,2017,53,Male,56950,Hispanic,4,1,1
472,2017,38,Female,97913,Hispanic,1,1,1
473,2017,64,Male,23969,White,2,1,0
474,2017,31,Female,34130,Asian,5,1,1
475,2017,18,Male,18422,Others,3,0,0
476,2017,40,Female,31982,Others,2,0,0
477,2017,45,Female,70905,Hispanic,4,1,1
478,2017,37,Male,35640,White,2,1,1
479,2017,23,Male,5499,White,1,1,1
480,2017,31,Male,90379,White,3,1,1
481,2017,61,Male,80888,Asian,1,1,0
482,2017,20,Male,53832,White,1,1,0
483,2017,34,Male,91198,White,3,1,1
484,2017,25,Female,75635,Black,5,1,0
485,2017,37,Male,55664,Asian,4,0,0
486,2017,60,Male,93208,White,2,1,1
487,2017,45,Male,63210,White,4,1,0
488,2017,43,Female,69575,White,1,0,0
489,2017,53,Male,35931,White,5,1,1
490,2017,46,Female,21473,White,5,1,0
491,2017,36,Female,36889,White,1,1,0
492,2017,18,Male,24179,Others,2,0,1
493,2017,65,Female,44058,White,4,1,0
494,2017,37,Female,36261,White,Missing,1,0
495,2017,58,Male,34939,White,3,1,0
496,2017,28,Female,88378,White,4,1,1
497,2017,22,Female,11452,White,1,1,1
498,2017,42,Male,62832,White,3,1,1
499,2017,25,Female,14353,White,3,0,1
500,2017,26,Female,84080,White,4,1,1
501,2017,53,Female,34901,White,3,1,0
502,2017,26,Female,5307,White,1,0,0
503,2017,42,Female,72653,White,5,1,0
504,2017,41,Male,10401,White,5,1,1
505,2017,52,Female,8025,White,3,1,0
506,2017,18,Female,90252,Hispanic,1,0,1
507,2017,56,Female,22367,White,3,1,1
508,2017,47,Male,69738,White,1,1,0
509,2017,20,Male,12859,White,2,0,0
510,2017,51,Male,2867,White,5,1,1
511,2017,45,Male,61393,Hispanic,5,0,0
512,2017,37,Female,5661,Black,4,1,1
513,2017,29,Male,41627,White,1,1,0
514,2017,36,Female,44165,White,4,1,1
515,2017,63,Male,33670,White,2,1,0
516,2017,42,Male,78253,White,3,1,1
517,2017,44,Female,65713,White,1,0,1
518,2017,38,Female,99222,Hispanic,1,0,0
519,2017,60,Female,27370,White,4,1,0
520,2017,37,Female,52247,White,2,1,1
521,2017,48,Female,40105,White,3,0,1
522,2017,49,Male,20148,White,3,1,0
523,2017,61,Male,96100,Black,4,1,0
524,2017,60,Male,69516,White,5,1,1
525,2017,26,Female,25054,Asian,3,1,0
526,2017,20,Male,5394,Black,5,0,0
527,2017,37,Male,53395,White,3,1,0
528,2017,46,Male,67769,Others,4,1,1
529,2017,38,Male,11113,Hispanic,5,1,1
530,2017,54,Female,66375,White,3,1,0
531,2017,60,Female,66161,Others,4,1,1
532,2017,52,Male,38982,Hispanic,4,1,1
533,2017,57,Male,77088,White,1,1,1
534,2017,28,Female,91610,White,3,1,1
535,2017,51,Male,8946,White,5,1,0
536,2017,50,Female,20866,Others,2,0,1
537,2017,35,Female,88824,Hispanic,4,0,0
538,2017,42,Male,49329,White,2,0,1
539,2017,22,Male,19690,White,1,0,1
540,2017,58,Female,67061,Hispanic,4,1,0
541,2017,34,Female,22579,White,4,0,0
542,2017,25,Female,51527,Others,5,1,1
543,2017,59,Female,41501,White,4,1,1
544,2017,57,Male,7553,Asian,2,0,1
545,2017,42,Female,5070,White,3,0,0
546,2017,35,Male,30008,White,2,1,0
547,2017,33,Male,91893,White,4,1,0
548,2017,38,Female,25401,White,3,0,1
549,2017,59,Female,57535,White,2,1,1
550,2017,48,Female,15118,White,3,1,0
551,2017,57,Female,40048,White,5,1,1
552,2017,59,Male,4487,White,5,1,1
553,2017,44,Female,70972,White,5,1,1
554,2017,38,Male,4782,White,3,0,0
555,2017,41,Female,74949,Black,1,0,1
556,2017,43,Female,49553,White,3,1,0
557,2017,35,Male,65801,Black,3,1,0
558,2017,58,Female,89604,Asian,2,1,0
559,2017,33,Male,65710,White,4,1,0
560,2017,30,Female,25312,White,3,1,0
561,2017,48,Female,36271,White,4,0,0
562,2017,21,Female,33319,White,3,1,1
563,2017,45,Male,52439,White,2,0,1
564,2017,54,Male,50302,White,4,1,0
565,2017,47,Female,73471,White,3,1,1
566,2017,28,Male,79613,White,1,1,1
567,2017,28,Male,31174,White,5,1,1
568,2017,37,Male,73062,Others,2,1,0
569,2017,20,Female,93291,Asian,2,0,1
570,2017,41,Female,2045,Others,3,0,1
571,2017,25,Female,82612,Hispanic,Missing,0,0
572,2017,56,Female,53061,White,5,1,0
573,2017,22,Male,55589,Hispanic,2,1,0
574,2017,55,Male,20076,White,2,0,0
575,2017,41,Female,79693,Black,3,0,0
576,2017,58,Female,41292,Hispanic,5,1,1
577,2017,24,Female,64124,White,3,0,1
578,2017,24,Male,64120,White,4,1,0
579,2017,64,Female,86151,Asian,4,1,0
580,2017,23,Female,74883,White,5,1,0
581,2017,21,Male,53409,White,1,0,0
582,2017,47,Male,78398,Others,5,0,0
583,2017,50,Female,27641,Black,2,1,1
584,2017,35,Female,7200,White,1,0,0
585,2017,60,Male,99495,Black,Missing,1,0
586,2017,63,Female,13033,White,1,0,1
587,2017,65,Male,36110,White,1,1,1
588,2017,29,Female,36873,White,3,1,1
589,2017,42,Female,91030,White,4,1,0
590,2017,63,Male,10204,White,2,1,0
591,2017,63,Male,8730,White,3,1,1
592,2017,47,Female,14747,White,5,1,0
593,2017,51,Male,34575,Black,2,0,1
594,2017,41,Female,60598,White,1,1,0
595,2017,59,Male,54056,White,1,1,0
596,2017,28,Female,52351,Asian,5,1,1
597,2017,65,Female,46757,Hispanic,5,0,0
598,2017,34,Female,54157,White,5,1,0
599,2017,46,Male,21569,Asian,2,0,0
600,2017,33,Male,78746,Others,Missing,1,0
601,2017,37,Male,68734,White,1,0,0
602,2017,46,Female,66838,Others,4,1,0
603,2017,25,Female,96850,Asian,2,0,1
604,2017,26,Female,51932,White,1,1,1
605,2017,45,Female,7084,Others,4,0,1
606,2017,43,Male,97830,Hispanic,2,0,1
607,2017,56,Male,60976,White,1,1,1
608,2017,25,Female,687,White,2,1,0
609,2017,31,Male,48234,Asian,3,1,0
610,2017,57,Female,11217,Asian,1,0,1
611,2017,62,Female,22524,White,5,1,0
612,2017,45,Male,85163,Black,2,0,1
613,2017,55,Male,65105,Hispanic,2,0,1
614,2017,63,Female,7600,White,1,0,0
615,2017,47,Female,52582,Asian,2,1,0
616,2017,33,Male,8264,Black,4,0,0
617,2017,49,Male,62653,Asian,1,1,1
618,2017,35,Female,18785,White,2,1,0
619,2017,18,Female,93348,Asian,1,1,0
620,2017,18,Female,47777,Asian,3,0,0
621,2017,44,Female,24167,White,4,1,0
622,2017,32,Male,959,White,2,0,1
623,2017,42,Male,96877,White,3,1,0
624,2017,60,Female,84361,White,3,1,0
625,2017,44,Female,91692,White,5,1,0
626,2017,28,Male,63921,Black,3,1,1
627,2017,50,Female,92990,White,1,1,1
628,2017,50,Male,43946,White,2,1,0
629,2017,56,Male,48527,White,4,1,0
630,2017,50,Male,16145,White,1,1,0
631,2017,50,Male,80034,White,4,0,1
632,2017,40,Male,52545,Black,5,0,0
633,2017,18,Female,76018,Asian,Missing,1,1
634,2017,28,Female,51850,White,5,1,0
635,2017,33,Female,45706,White,5,1,1
636,2017,62,Male,36830,Others,1,1,0
637,2017,23,Male,7144,White,2,1,0
638,2017,62,Female,41374,Others,5,0,0
639,2017,43,Male,59582,Black,3,1,0
640,2017,21,Male,96132,White,5,1,0
641,2017,39,Female,23579,White,4,0,1
642,2017,46,Male,57613,Hispanic,5,1,0
643,2017,49,Male,11707,Black,2,1,1
644,2017,55,Male,10245,White,2,1,1
645,2017,24,Male,81112,Others,1,1,1
646,2017,55,Female,6100,Black,4,1,0
647,2017,21,Male,37631,White,2,1,0
648,2017,52,Female,78920,Others,3,1,1
649,2017,19,Female,3196,Others,5,0,1
650,2017,40,Male,63648,White,1,0,0
651,2017,45,Male,8158,White,2,0,1
652,2017,63,Female,34595,Hispanic,4,0,1
653,2017,49,Male,3621,White,2,1,0
654,2017,54,Female,26926,Hispanic,5,0,0
655,2017,35,Male,70815,White,1,1,1
656,2017,46,Female,35627,Others,2,1,1
657,2017,36,Female,7069,Others,3,1,0
658,2017,23,Male,94414,Others,1,0,1
659,2017,26,Female,76766,White,4,1,0
660,2017,48,Female,47051,White,1,1,0
661,2017,61,Female,49879,White,4,1,0
662,2017,20,Female,60650,White,5,0,0
663,2017,31,Female,66343,White,5,1,1
664,2017,29,Male,87551,Black,3,1,0
665,2017,62,Female,21744,Others,5,0,0
666,2017,45,Male,49062,Black,4,1,1
667,2017,56,Male,58355,Others,3,1,0
668,2017,20,Male,71599,Asian,4,0,1
669,2017,47,Male,93187,Black,3,1,1
670,2017,24,Male,67386,White,5,1,1
671,2017,57,Male,75191,Asian,3,1,1
672,2017,56,Male,48712,White,3,1,0
673,2017,30,Female,75743,Black,2,1,0
674,2017,18,Male,51658,White,5,1,0
675,2017,27,Male,73397,White,5,1,0
676,2017,38,Male,82698,Asian,4,1,1
677,2017,18,Female,61304,White,4,0,0
678,2017,25,Male,21420,Black,3,1,0
679,2017,64,Male,40470,White,5,1,1
680,2017,60,Male,3915,Others,3,0,0
681,2017,56,Male,53453,Hispanic,3,1,1
682,2017,59,Female,28322,White,1,1,1
683,2017,60,Female,94969,Others,1,0,0
684,2017,49,Female,8001,White,4,1,1
685,2017,55,Female,64470,Hispanic,3,0,0
686,2017,58,Female,83695,Hispanic,2,1,0
687,2017,19,Female,5101,White,1,1,1
688,2017,47,Female,8202,White,3,0,1
689,2017,20,Male,43192,Black,5,1,0
690,2017,18,Female,44575,Asian,2,0,1
691,2017,20,Male,96773,Asian,4,1,1
692,2017,55,Female,8231,White,2,1,0
693,2017,25,Female,30740,White,4,1,0
694,2017,30,Female,37661,Others,3,0,0
695,2017,61,Female,98926,White,5,1,1
696,2017,59,Male,34644,White,3,1,1
697,2017,36,Male,2729,White,3,1,1
698,2017,37,Female,3329,White,2,1,0
699,2017,30,Male,70404,White,4,1,1
700,2017,29,Female,12030,White,Missing,0,0
701,2017,62,Female,65721,White,1,1,0
702,2017,25,Male,84571,Black,Missing,0,1
703,2017,60,Male,65461,White,1,1,0
704,2017,58,Male,18790,Others,4,1,1
705,2017,40,Male,18453,White,5,1,1
706,2017,56,Male,53981,Hispanic,3,0,1
707,2017,62,Male,18600,Hispanic,5,1,1
708,2017,60,Male,44411,Asian,1,1,0
709,2017,35,Male,44545,White,3,1,0
710,2017,45,Male,8264,White,2,1,0
711,2017,49,Female,62041,White,1,0,0
712,2017,59,Male,21188,White,Missing,1,1
713,2017,33,Male,60290,Hispanic,4,1,0
714,2017,36,Male,4499,White,4,1,0
715,2017,21,Male,99060,Black,4,1,0
716,2017,46,Female,44317,White,3,1,0
717,2017,24,Female,55024,White,4,0,1
718,2017,31,Female,38476,White,1,0,1
719,2017,52,Male,50137,Hispanic,5,1,0
720,2017,57,Male,62242,Black,3,1,1
721,2017,26,Male,94148,White,1,1,0
722,2017,33,Male,90512,White,3,0,0
723,2017,57,Male,30111,Black,3,0,1
724,2017,48,Female,90325,White,5,1,1
725,2017,61,Female,15352,White,5,1,1
726,2017,20,Male,66052,White,5,1,1
727,2017,61,Male,78218,Asian,Missing,1,0
728,2017,26,Male,95690,White,2,0,1
729,2017,45,Male,88099,White,2,1,1
730,2017,61,Female,12497,Others,1,0,0
731,2017,37,Female,43857,Black,3,0,1
732,2017,51,Female,96991,Black,3,1,1
733,2017,31,Male,36597,Others,1,1,1
734,2017,31,Male,40418,White,1,1,0
735,2017,42,Male,98828,Hispanic,2,1,1
736,2017,27,Male,61742,White,2,1,1
737,2017,24,Male,34038,Hispanic,2,0,0
738,2017,44,Female,6207,Black,5,0,1
739,2017,54,Male,13308,White,3,1,1
740,2017,54,Male,44781,Hispanic,5,0,1
741,2017,27,Male,39283,Hispanic,2,0,1
742,2017,44,Male,54428,Black,4,1,0
743,2017,54,Male,15129,White,4,1,1
744,2017,23,Male,14762,White,4,1,1
745,2017,24,Male,81035,White,4,1,0
746,2017,64,Female,21255,White,1,1,0
747,2017,21,Male,46582,White,2,1,0
748,2017,40,Male,58902,White,1,1,0
749,2017,48,Female,87792,Asian,4,0,0
750,2017,37,Female,90190,White,2,0,1
751,2017,48,Male,92275,White,2,1,1
752,2017,33,Male,23740,Black,3,1,1
753,2017,30,Male,95117,White,1,1,0
754,2017,24,Female,5266,Asian,5,1,1
755,2017,65,Female,51109,White,4,1,1
756,2017,36,Female,69048,Hispanic,3,1,1
757,2017,23,Female,84439,White,4,1,0
758,2017,55,Female,36078,White,2,0,1
759,2017,55,Female,14565,White,1,0,1
760,2017,57,Female,30674,White,1,1,1
761,2017,33,Female,4400,White,4,0,1
762,2017,22,Female,90813,Others,4,1,1
763,2017,40,Female,51967,White,4,0,0
764,2017,43,Male,82005,Asian,2,1,1
765,2017,52,Female,24153,White,2,1,0
766,2017,32,Male,17562,White,4,1,0
767,2017,24,Male,32307,White,5,0,0
768,2017,54,Male,10478,White,3,1,0
769,2017,47,Female,65220,Hispanic,3,0,1
770,2017,24,Male,50248,Others,4,1,1
771,2017,36,Male,38675,White,5,1,0
772,2017,20,Female,33635,White,4,0,1
773,2017,25,Female,40985,White,2,1,1
774,2017,55,Female,21817,White,4,1,0
775,2017,20,Female,82415,White,2,1,1
776,2017,57,Male,72064,White,5,1,0
777,2017,34,Male,15507,Hispanic,4,1,1
778,2017,26,Male,25571,Hispanic,3,0,1
779,2017,40,Female,82996,White,1,0,0
780,2017,34,Female,28233,White,4,1,0
781,2017,64,Male,42268,White,3,1,0
782,2017,61,Female,16038,White,2,1,1
783,2017,24,Male,91041,Asian,4,1,1
784,2017,36,Male,21674,White,2,1,1
785,2017,43,Male,27334,Hispanic,3,0,0
786,2017,40,Female,27560,Asian,2,0,1
787,2017,42,Female,73738,Asian,1,1,1
788,2017,61,Female,45172,White,1,1,1
789,2017,37,Male,38866,White,1,1,0
790,2017,39,Female,26873,White,4,0,1
791,2017,55,Male,79179,White,2,1,0
792,2017,60,Male,95631,White,3,1,0
793,2017,46,Male,59731,White,5,1,1
794,2017,35,Male,51799,White,5,1,1
795,2017,22,Male,83141,White,4,1,0
796,2017,20,Male,51456,White,5,1,1
797,2017,47,Female,75038,White,1,1,1
798,2017,22,Male,16163,White,1,0,1
799,2017,58,Male,44559,Asian,4,1,1
800,2017,53,Female,14658,White,5,0,1
801,2017,56,Female,92413,Asian,5,1,1
802,2017,64,Male,41261,White,5,1,0
803,2017,53,Female,28768,Black,2,1,0
804,2017,39,Male,72941,White,4,1,1
805,2017,53,Female,52456,Others,1,0,1
806,2017,43,Male,86229,White,5,1,1
807,2017,28,Male,37677,White,1,0,1
808,2017,21,Male,63785,Others,1,1,1
809,2017,53,Female,27207,White,4,1,1
810,2017,23,Male,67774,White,4,1,0
811,2017,22,Female,70158,Asian,2,1,0
812,2017,40,Male,10580,White,2,1,1
813,2017,56,Male,52438,White,2,1,0
814,2017,56,Female,34733,White,3,1,1
815,2017,53,Female,62546,Black,5,1,0
816,2017,37,Female,29693,Asian,5,1,0
817,2017,54,Male,10692,Others,Missing,1,1
818,2017,28,Male,27623,Black,2,0,1
819,2017,30,Female,57379,White,5,1,0
820,2017,25,Female,35807,White,2,1,1
821,2017,21,Female,89523,White,3,1,1
822,2017,28,Male,42272,Others,1,1,1
823,2017,57,Female,78856,Asian,4,1,0
824,2017,49,Male,7709,White,1,1,1
825,2017,65,Female,45138,White,3,0,1
826,2017,63,Male,52694,White,2,1,0
827,2017,34,Female,95349,White,5,1,1
828,2017,57,Male,41557,Hispanic,3,1,0
829,2017,55,Male,74427,White,5,1,1
830,2017,30,Female,83001,White,4,1,1
831,2017,49,Male,37972,Hispanic,5,0,0
832,2017,54,Male,13934,White,5,1,0
833,2017,56,Female,12293,Others,3,1,1
834,2017,26,Female,85027,Asian,5,1,1
835,2017,18,Female,89485,Black,5,0,1
836,2017,56,Female,42307,White,3,1,0
837,2017,38,Female,66234,Others,1,0,0
838,2017,39,Male,35250,White,5,1,1
839,2017,60,Female,8974,White,4,1,1
840,2017,32,Male,35972,Asian,3,1,1
841,2017,44,Female,72315,White,3,0,0
842,2017,20,Female,68616,Others,4,1,0
843,2017,20,Female,76600,White,1,0,0
844,2017,19,Female,73515,Black,5,1,0
845,2017,53,Female,59225,Others,1,1,1
846,2017,48,Male,38848,Black,5,1,1
847,2017,35,Female,55598,Hispanic,1,0,0
848,2017,26,Female,13178,White,3,0,0
849,2017,27,Female,14266,White,1,0,1
850,2017,20,Male,97573,Others,1,0,1
851,2017,64,Male,22738,Others,2,1,0
852,2017,24,Male,65888,White,5,1,0
853,2017,62,Female,87867,Others,5,1,0
854,2017,47,Female,44854,White,4,0,1
855,2017,21,Female,54048,Others,3,0,0
856,2017,27,Male,80555,White,3,1,1
857,2017,53,Male,89266,Others,1,0,1
858,2017,38,Male,89512,White,2,1,0
859,2017,50,Female,19024,White,2,0,0
860,2017,44,Male,47137,White,1,1,1
861,2017,24,Male,55560,White,2,1,0
862,2017,19,Male,81060,White,4,1,0
863,2017,51,Female,77475,Asian,2,1,0
864,2017,46,Male,18037,Asian,3,0,0
865,2017,33,Male,3642,White,5,1,0
866,2017,26,Female,62297,White,1,1,0
867,2017,41,Female,84057,White,1,1,0
868,2017,37,Male,83291,Black,2,1,0
869,2017,22,Female,746,Hispanic,2,1,1
870,2017,57,Male,48336,White,5,1,0
871,2017,50,Female,36625,Asian,5,1,0
872,2017,62,Male,24391,Asian,2,1,0
873,2017,61,Male,59742,White,4,1,1
874,2017,63,Male,68928,White,3,1,1
875,2017,26,Female,61768,White,3,0,0
876,2017,55,Male,64999,Black,1,0,0
877,2017,63,Male,37610,Others,1,1,1
878,2017,23,Female,30297,White,Missing,0,0
879,2017,52,Female,51737,White,1,1,1
880,2017,43,Male,38369,White,1,1,0
881,2017,62,Male,54427,White,5,1,0
882,2017,58,Male,97258,White,2,1,0
883,2017,27,Male,51019,White,3,1,1
884,2017,28,Male,23908,White,4,1,0
885,2017,61,Male,68484,White,2,1,0
886,2017,40,Female,13805,White,3,1,0
887,2017,64,Male,28268,Asian,2,0,1
888,2017,61,Male,3727,White,1,1,0
889,2017,18,Female,30328,White,3,0,1
890,2017,57,Female,23572,White,5,1,1
891,2017,33,Male,29783,White,2,1,1
892,2017,62,Male,70174,Black,5,1,0
893,2017,26,Female,98456,Missing,1,1,1
894,2017,57,Male,10089,White,3,1,1
895,2017,37,Male,95343,Asian,4,1,0
896,2017,25,Female,78227,White,3,1,1
897,2017,35,Female,22313,Asian,2,0,0
898,2017,46,Female,85907,White,Missing,1,1
899,2017,26,Female,15199,White,4,0,0
900,2017,53,Female,81954,White,4,1,0
901,2017,21,Female,87970,White,3,0,0
902,2017,33,Female,46862,Others,2,0,1
903,2017,50,Male,23916,Hispanic,1,0,1
904,2017,33,Female,61685,White,1,1,0
905,2017,64,Female,77939,White,1,1,1
906,2017,39,Female,21490,White,1,1,1
907,2017,35,Male,62502,White,2,1,0
908,2017,40,Female,79883,Black,2,1,1
909,2017,52,Female,27681,Asian,3,1,0
910,2017,31,Female,47189,Asian,1,1,0
911,2017,22,Female,83474,White,2,1,0
912,2017,34,Male,52179,White,1,1,1
913,2017,56,Female,12149,Others,2,1,0
914,2017,33,Female,4777,White,3,1,0
915,2017,55,Female,34908,White,4,0,1
916,2017,21,Female,99113,White,3,1,0
917,2017,62,Male,24622,White,5,1,1
918,2017,32,Female,31251,White,3,0,1
919,2017,47,Female,97762,Others,1,0,0
920,2017,60,Female,62758,White,2,0,1
921,2017,29,Male,64958,White,2,1,1
922,2017,65,Female,58429,Others,1,1,1
923,2017,22,Female,86082,Black,4,1,1
924,2017,32,Female,87097,Asian,5,1,1
925,2017,20,Male,57945,Black,4,1,0
926,2017,56,Male,30669,White,5,1,1
927,2017,63,Female,6586,White,1,1,1
928,2017,41,Male,26681,White,1,1,0
929,2017,41,Female,54075,White,5,1,0
930,2017,19,Male,37167,Hispanic,3,0,0
931,2017,19,Male,58589,White,4,1,0
932,2017,65,Male,92263,Others,5,1,1
933,2017,52,Female,79225,Black,5,1,1
934,2017,37,Female,91449,White,4,1,0
935,2017,56,Male,88243,White,3,1,1
936,2017,32,Male,27100,Black,2,1,1
937,2017,34,Male,93155,Black,5,1,0
938,2017,31,Female,65591,White,4,1,1
939,2017,46,Female,87262,Asian,3,0,0
940,2017,32,Female,26884,White,1,1,1
941,2017,34,Female,97772,White,1,0,0
942,2017,30,Male,5516,White,1,0,1
943,2017,55,Female,22951,Black,1,1,0
944,2017,62,Male,63436,Asian,2,1,1
945,2017,38,Male,24669,Asian,Missing,1,0
946,2017,26,Male,36976,Hispanic,2,0,0
947,2017,35,Female,83343,White,4,1,0
948,2017,38,Male,21153,White,2,1,1
949,2017,38,Male,68095,White,3,1,1
950,2017,25,Male,58658,Hispanic,2,0,1
951,2017,50,Male,47921,Black,3,0,0
952,2017,50,Male,37875,White,Missing,1,1
953,2017,54,Female,80690,White,2,1,0
954,2017,34,Male,95165,Hispanic,1,1,1
955,2017,21,Male,91877,White,1,0,0
956,2017,35,Male,46671,Others,3,1,0
957,2017,36,Female,70188,Black,5,1,0
958,2017,47,Female,71167,Hispanic,5,1,1
959,2017,35,Male,42816,Black,Missing,1,1
960,2017,26,Male,11128,Others,5,1,1
961,2017,31,Female,49111,White,2,1,1
962,2017,48,Female,86785,White,2,1,1
963,2017,32,Male,80341,Hispanic,2,0,1
964,2017,19,Male,36988,White,2,1,0
965,2017,35,Male,12823,White,2,1,1
966,2017,21,Male,57728,Black,3,1,0
967,2017,29,Female,79057,White,2,1,0
968,2017,39,Female,46125,White,5,1,1
969,2017,22,Male,90026,White,5,1,0
970,2017,32,Male,58299,White,1,1,1
971,2017,23,Female,90151,White,5,1,1
972,2017,50,Female,85706,White,1,0,0
973,2017,53,Female,75658,White,1,0,0
974,2017,35,Female,1249,White,1,1,0
975,2017,28,Female,94271,Black,1,0,0
976,2017,31,Female,65499,White,3,1,1
977,2017,49,Male,4590,White,1,1,1
978,2017,56,Female,69887,White,5,1,0
979,2017,21,Male,57781,White,1,0,1
980,2017,57,Male,81574,White,3,1,1
981,2017,34,Male,47726,Others,1,1,0
982,2017,36,Male,21884,White,1,0,0
983,2017,33,Female,55688,White,3,0,1
984,2017,53,Male,27871,Asian,3,0,1
985,2017,27,Male,78608,White,4,1,1
986,2017,65,Female,46918,Asian,Missing,1,0
987,2017,34,Female,71897,Others,5,1,1
988,2017,44,Male,24255,White,1,1,1
989,2017,20,Female,44231,Asian,2,1,1
990,2017,29,Female,50396,White,4,1,1
991,2017,58,Male,70054,White,2,0,1
992,2017,51,Female,25929,White,5,1,0
993,2017,47,Female,85148,White,3,1,0
994,2017,63,Male,97453,White,4,1,0
995,2017,43,Female,98194,Asian,5,1,0
996,2017,58,Female,51679,Asian,2,1,0
997,2017,55,Male,59849,White,5,1,0
998,2017,49,Male,56126,White,2,1,0
999,2017,52,Male,14652,White,3,1,0
1000,2017,32,Female,85507,White,2,1,1